399
44
225
296
483
27
114
350
477
293
122
476
434
303
72
405
140
162
307
297
412
231
347
427
336
392
184
196
229
445
438
128
490
15
276
325
42
390
175
19
35
149
347
321
452
419
78
445
433
385
94
346
116
441
125
452
334
161
1
63
107
291
43
97
306
171
274
348
413
302
219
448
451
418
121
256
190
199
53
123
437
147
321
405
441
446
210
275
460
211
190
67
2
233
16
160
404
142
8
169
444
79
469
396
497
90
4
39
141
57
163
430
56
336
336
497
135
46
124
95
109
314
14
111
399
382
123
303
24
483
324
469
62
293
217
411
383
221
451
377
130
466
307
186
302
143
36
289
41
160
384
150
475
250
113
374
132
236
30
157
219
354
126
133
148
195
397
383
268
200
260
398
166
420
436
320
415
472
110
457
133
346
459
460
449
73
186
81
161
216
238
381
423
216
366
423
411
263
306
179
463
419
429
481
339
366
302
106
190
264
63
175
462
23
135
411
448
322
345
109
390
83
342
313
152
61
236
415
324
395
447
140
314
376
473
5
242
127
463
285
243
379
460
206
402
448
469
202
270
314
311
12
250
6
326
254
67
414
169
243
309
116
235
475
493
209
332
87
336
296
224
80
175
185
138
429
133
459
131
255
274
294
267
376
300
445
130
219
360
151
463
21
120
198
497
465
407
181
52
96
329
129
176
4
314
166
285
299
125
268
406
251
415
173
127
67
471
109
287
331
113
102
204
233
300
53
198
60
235
102
156
64
231
184
421
397
350
58
196
327
327
102
79
94
128
58
161
99
20
300
282
133
402
486
218
203
40
416
115
127
370
271
191
102
307
464
351
9
375
400
336
54
354
267
148
482
178
161
433
198
462
215
183
364
54
401
419
94
169
34
221
39
157
264
493
464
81
197
473
456
97
162
10
451
429
10
286
107
171
219
157
133
287
340
498
341
93
269
287
262
304
360
154
461
124
499
278
57
196
251
13
145
413
375
97
195
385
383
154
57
454
312
190
241
4
40
434
98
162
221
212
466
81
218
279
58
70
57
115
118
161
481
264
74
208
361
121
94
96
276
3
50
440
45
144
444
438
78
394
100
300
459
418
233
177
197
143
247
107
111
366
268
92
482
194
152
343
316
98
291